[Dorm-Room.jpg]
filters=bw=1;radblur=1,0.500000,0.500000,-1.000000,-0.590643;
moddate=1e41928ff24bd201
width=615
height=400
textactive=0
